000055275
000055523
000055524
000055525
000055526
000055527
000055528
000055529
000055530
000055531
000055532
000055533
000055534
000055535
000055539
000055574
000055575
000055576
000055578
000055579
000055580
000055581
000055582
000055583
000055584
000055585
000055586
000055587
000055588
000055589
000055590
000055591
000055592
000055593
000055594
000055595
000055596
000055597
000055598
000055599
000055600
000055601
000055602
000055603
000055604
000055605
000055606
000055607
000055608
000055609
000055610
000055611
000055612
000055613
000055614
000055615
000055616
000055617
000055618
000055619
000055620
000055621
000055622
000055623
000055625
000055626
000055631
000055632
000055633
000055634
000055652
000055653
000055654
000055655
000055682
000055683
000055684
000055685
000055686
000055687
000055688
000055689
000055690
000055691
000055692
000055693
000055694
000055695
000055696
000055697
000055698
000055699
000055700
000055701
000055702
000055703
000055704
000055705
000055706
000055707
000055708
000055709
000055710
000055711
000055712
000055713
000055714
000055715
000055716
000055717
000055718
000055720
000055721
000055722
000055723
000055724
000055725
000055726
000055727
000055760
000055761
000055762
000055763
000055765
000055766
000055767
000055768
000055769
000055770
000055771
000055772
000055773
000055774
000055775
000055776
000055777
000055778
000055779
000055780
000055781
000055782
000055783
000055784
000055785
000055786
000055787
000055788
000055789
000055790
000055791
000055792
000055793
000055794
000055795
000055796
000055797
000055798
000055799
000055800
000055801
000055802
000055803
000055804
000055848
000055850
000055851
000055862
000055863
000055864
000055865
000055866
000055867
000055868
000055869
000055870
000055871
000055872
000055873
000055874
000055875
000055876
000055877
000055878
000055879
000055880
000055881
000055882
000055883
000055884
000055885
000055886
000055888
000055889
000055890
000055891
000055892
000055893
000055894
000055895
000055896
000055897
000055898
000055902
000055903
000055904
000055905
000055906
000055907
000055908
000055909
000055910
000055911
000055912
000055913
000055914
000055915
000055916
000055917
000055918
000055919
000055920
000055921
000055922
000055923
000055924
000055925
000055926
000055927
000055928
000055929
000055930
000055931
000055932
000055933
000055934
000055935
000055936
000055937
000055938
000055939
000055940
000055941
000055942
000055943
000055944
000055945
000055946
000055947
000055948
000055949
000055950
000055951
000055952
000055953
000055954
000055955
000055956
000055957
000055958
000055959
000055960
000055961
000055962
000055963
000055964
000055965
000055966
000055967
000055968
000055969
000055970
000055971
000055972
000055973
000055974
000055975
000055976
000055977
000055978
000055979
000055980
000055981
000055982
000055983
000055984
000055985
000055986
000055987
000055989
000055990
000055991
000055992
000055993
000055994
000055995
000055996
000055997
000055998
000055999
000056008
000056009
000056293
000056294
000056295
000056383
000056384
000056385
000056386
000056387
000056502
000056503
000056504
000056505
000056506
000056507
000056508
000056509
000056510
000056511
000056512
000056513
000056514
000056515
000056516
000056517
000056518
000056519
000056520
000056521
000056522
000056523
000056524
000056525
000056527
000056528
000056529
000056530
000056531
000056532
000056533
000056534
000056535
000056536
000056537
000056538
000056539
000056540
000056541
000056542
000056543
000056544
000056545
000056546
000056547
000056548
000056549
000056550
000056551
000056552
000056553
000056554
000056555
000056556
000056558
000056559
000056560
000056561
000056562
000056563
000056564
000056565
000056566
000056567
000056568
000056569
000056570
000056571
000056572
000056573
000056574
000056575
000056576
000056577
000056578
000056579
000056580
000056581
000056582
000056583
000056584
000056585
000056586
000056587
000056588
000056589
000056590
000056591
000056592
000056593
000056594
000056595
000056596
000056597
000056599
000056600
000056601
000056602
000056603
000056604
000056605
000056606
000056607
000056608
000056609
000056610
000056611
000056612
000056613
000056614
000056615
000056616
000056617
000056618
000056619
000056620
000056621
000056622
000056623
000056624
000056625
000056626
000056627
000056628
000056629
000056749
000056769
000056770
000056771
000056772
000056773
000056774
000056775
000056776
000056777
000056778
000056779
000056780
000056781
000056782
000056783
000056784
000056785
000056786
000056787
000056788
000056789
000056790
000056791
000056792
000056793
000056794
000056795
000056796
000056797
000056798
000056799
000056800
000056801
000056802
000056803
000056804
000056805
000056806
000056807
000056808
000056809
000056810
000056811
000056813
000056814
000056815
000056824
000056825
000056826
000056827
000056828
000056829
000056830
000056831
000056832
000056834
000056835
000056836
000056837
000056838
000056839
000056840
000056841
000056842
000056843
000056844
000056845
000056846
000056847
000056848
000056849
000056850
000056851
000056852
000056853
000056854
000056855
000056856
000056857
000056858
000056859
000056860
000056861
000056862
000056863
000056864
000056865
000056866
000056867
000056868
000056869
000056871
000056872
000056873
000056874
000056875
000056876
000056877
000056878
000056879
000056880
000056881
000056882
000056883
000056884
000056885
000056886
000056887
000056888
000056889
000056890
000056891
000056892
000056893
000056894
000056895
000056896
000056897
000056898
000056899
000056900
000056901
000056902
000056903
000056904
000056905
000056906
000056907
000056908
000056909
000056910
000056911
000056912
000056913
000056914
000056915
000056916
000056917
000056918
000056919
000056920
000056921
000056922
000056923
000056924
000056925
000056926
000056927
000056928
000056929
000056930
000056931
000056932
000056933
000056934
000056935
000056936
000056937
000056938
000056939
000056940
000056941
000056942
000056943
000056944
000056945
000056946
000056947
000056948
000056949
000056950
000056951
000056952
000056953
000056954
000056955
000056956
000056957
000056958
000056959
000056960
000056961
000056962
000056963
000056964
000056965
000056966
000056967
000056968
000056969
000056970
000056971
000056972
000056973
000056974
000056975
000056976
000056978
000056979
000056980
000056981
000056982
000056983
000056984
000056985
000056986
000056987
000056988
000056989
000056990
000056991
000056992
000056993
000056994
000056995
000056996
000056997
000056998
000056999
000057000
000057001
000057002
000057003
000057004
000057005
000057006
000057007
000057008
000057009
000057010
000057011
000057012
000057013
000057014
000057015
000057016
000057017
000057018
000057019
000057020
000057021
000057022
000057023
000057024
000057025
000057026
000057027
000057028
000057029
000057030
000057031
000057032
000057033
000057034
000057035
000057036
000057037
000057038
000057039
000057040
000057041
000057042
000057043
000057044
000057045
000057046
000057047
000057048
000057049
000057050
000057051
000057052
000057053
000057054
000057055
000057056
000057057
000057058
000057059
000057060
000057061
000057062
000057063
000057064
000057065
000057066
000057067
000057068
000057069
000057070
000057071
000057072
000057073
000057074
000057075
000057076
000057077
000057078
000057079
000057080
000057081
000057082
000057083
000057084
000057085
000057086
000057087
000057088
000057089
000057090
000057091
000057092
000057093
000057094
000057095
000057096
000057097
000057098
000057099
000057100
000057101
000057102
000057103
000057104
000057105
000057106
000057107
000057108
000057109
000057110
000057111
000057112
000057113
000057114
000057115
000057116
000057117
000057118
000057119
000057120
000057121
000057122
000057123
000057124
000057125
000057126
000057127
000057128
000057129
000057130
000057131
000057132
000057133
000057134
000057135
000057136
000057137
000057138
000057139
000057140
000057141
000057142
000057143
000057144
000057145
000057146
000057147
000057148
000057149
000057150
000057151
000057152
000057153
000057154
000057155
000057156
000057157
000057158
000057159
000057160
000057161
000057162
000057163
000057164
000057165
000057166
000057167
000057168
000057169
000057170
000057171
000057172
000057173
000057174
000057175
000057176
000057177
000057178
000057179
000057180
000057181
000057182
000057183
000057184
000057185
000057186
000057187
000057188
000057189
000057190
000057191
000057192
000057193
000057194
000057195
000057196
000057197
000057198
000057199
000057200
000057201
000057202
000057204
000057205
000057206
000057207
000057208
000057209
000057210
000057211
000057212
000057213
000057214
000057215
000057216
000057217
000057218
000057219
000057220
000057221
000057222
000057223
000057224
000057225
000057226
000057227
000057228
000057229
000057230
000057231
000057232
000057233
000057234
000057235
000057236
000057237
000057238
000057239
000057240
000057241
000057242
000057243
000057244
000057245
000057246
000057247
000057248
000057249
000057250
000057251
000057252
000057253
000057254
000057255
000057256
000057257
000057258
000057259
000057260
000057261
000057262
000057263
000057264
000057265
000057266
000057267
000057268
000057269
000057270
000057271
000057272
000057273
000057274
000057275
000057276
000057277
000057278
000057279
000057280
000057281
000057282
000057283
000057284
000057285
000057286
000057287
000057288
000057289
000057290
000057291
000057292
000057293
000057294
000057295
000057296
000057297
000057298
000057299
000057300
000057301
000057302
000057303
000057304
000057305
000057306
000057307
000057308
000057309
000057310
000057311
000057312
000057313
000057314
000057315
000057316
000057317
000057318
000057319
000057320
000057321
000057322
000057323
000057324
000057325
000057326
000057327
000057328
000057329
000057330
000057331
000057332
000057333
000057334
000057335
000057336
000057337
000057338
000057339
000057340
000057341
000057342
000057343
000057344
000057345
000057346
000057347
000057348
000057349
000057350
000057351
000057352
000057353
000057354
000057355
000057356
000057357
000057358
000057359
000057360
000057361
000057362
000057363
000057364
000057365
000057366
000057367
000057368
000057369
000057370
000057371
000057372
000057373
000057374
000057375
000057376
000057377
000057378
000057379
000057380
000057381
000057382
000057383
000057384
000057385
000057386
000057387
000057388
000057389
000057390
000057391
000057392
000057393
000057394
000057395
000057396
000057397
000057398
000057399
000057400
000057401
000057402
000057403
000057404
000057405
000057406
000057407
000057408
000057409
000057410
000057411
000057412
000057413
000057414
000057415
000057416
000057417
000057418
000057419
000057420
000057421
000057422
000057423
000057424
000057425
000057426
000057427
000057428
000057429
000057430
000057431
000057433
000057434
000057435
000057436
000057437
000057438
000057439
000057440
000057441
000057442
000057443
000057444
000057445
000057446
000057447
000057448
000057449
000057450
000057451
000057452
000057453
000057454
000057455
000057456
000057457
000057458
000057459
000057460
000057461
000057462
000057463
000057464
000057465
000057466
000057467
000057468
000057469
000057470
000057471
000057473
000057474
000057480
000057481
000057482
000057483
000057484
000057485
000057486
000057487
000057489
000057493
000057494
000057495
000057496
000057497
000057498
000057499
000057500
000057508
000057509
000057511
000057766
000057767
000057768
000057769
000057770
000057771
000057772
000057773
000057774
000057775
000057776
000057777
000057778
000057780
000057781
000057782
000057783
000057784
000057785
000057786
000057787
000057788
000057789
000057790
000057791
000057793
000057794
000057797
000057798
000057799
000057800
000057801
000057802
000057803
000057804
000057805
000057806
000057807
000057808
000057809
000057810
000057811
000057812
000057813
000057814
000057815
000057816
000057817
000057818
000057819
000057820
000057821
000057822
000057823
000057824
000057825
000057826
000057827
000057828
000057829
000057830
000057831
000057832
000057833
000057834
000057835
000057836
000057838
000057839
000057840
000057841
000057842
000057843
000057844
000057845
000057846
000057847
000057848
000057849
000057850
000057851
000057852
000057853
000057854
000057855
000057856
000057857
000057858
000057859
000057860
000057861
000057862
000057863
000057864
000057865
000057866
000057867
000057868
000057869
000057870
000057871
000057872
000057873
000057874
000057875
000057876
000057877
000057878
000057879
000057880
000057881
000057882
000057883
000057884
000057885
000057886
000057887
000057888
000057889
000057890
000057891
000057892
000057893
000057894
000057895
000057896
000057897
000057898
000057899
000057900
000057901
000057902
000057903
000057904
000057905
000057906
000057907
000057908
000058582
000059435
000059436
000059437
000059438
000059439
000059440
000059441
000059442
000059443
000059444
000059445
000059446
000059447
000059448
000059449
000059450
000059451
000059452
000059453
000059454
000059455
000059456
000059457
000059458
000059459
000059460
000059461
000059462
000059463
000059464
000059465
000059466
000059467
000059468
000059469
000059470
000059471
000059472
000059473
000059474
000059475
000059476
000059477
000059478
000059479
000059480
000059481
000059482
000059483
000059484
000059485
000059486
000059487
000059488
000059489
000059490
000059491
000059492
000059493
000059494
000059495
000059496
000059497
000059498
000059499
000059600
000059601
000059602
000059603
000059881
000059882
000059883
000059884
000059885
000059886
000059887
000059888
000059889
000059890
000059891
000059892
000059893
000059894
000059895
000059896
000059897
000059898
000059899
000059900
000059901
000059902
000059903
000059904
000059905
000059906
000059907
000059908
000059909
000059910
000059911
000059912
000059913
000059914
000059915
000059916
000059917
000059918
000059919
000059920
000059921
000059922
000059923
000059924
000059925
000059926
000059927
000059928
000059929
000059930
000059931
000059932
000059934
000059935
000059936
000059937
000059938
000059939
000059940
000059941
000059942
000059943
000059944
000059945
000059946
000059947
000059948
000059949
000059950
000059951
000059952
000059953
000059954
000059955
000059956
000059957
000059958
000059959
000059960
000059961
000059962
000059963
000059964
000059965
000059966
000059967
000059968
000059969
000059970
000059971
000059972
000059973
000059974
000059975
000059976
000059977
000059978
000059979
000059980
000059981
000059982
000059983
000059984
000059985
000059986
000059987
000059988
000059989
000059990
000059991
000059992
000059993
000059994
000059995
000059996
000059997
000059998
000059999
000060000
000060001
000060002
000060003
000060004
000060005
000060006
000060007
000060008
000060009
000060010
000060011
000060012
000060013
000060014
000060015
000060016
000060017
000060018
000060019
000060021
000060022
000060023
000060024
000060025
000060026
000060027
000060028
000060029
000060030
000060031
000060033
000060034
000060035
000060036
000060037
000060038
000060039
000060040
000060041
000060042
000060043
000060044
000060047
000060048
000060049
000060051
000069509
000082635
000082936
000108738
000108750
000110625
000110630
000123943
000202483
